Wind Speed Power Torque Blade Pitch Rotor Speed Rotor Thrust
3.00 55.056840 145.899340 2.599788 3.793835 114.346018
3.50 87.313719 199.596266 2.599394 4.396967 125.123817
4.00 130.263188 261.167486 2.600528 5.013607 137.645800
4.50 185.440199 330.639706 2.600450 5.637592 151.890410
5.00 254.393139 408.107889 2.600614 6.265829 167.850987
5.50 338.659519 493.597591 2.599583 6.896738 185.540341
6.00 439.747353 587.029436 2.600243 7.529885 204.929448
6.50 559.209946 688.433024 2.599598 8.165071 226.043530
7.00 698.605848 797.783620 2.600633 8.802238 248.873164
7.50 859.490991 915.059204 2.600392 9.441471 273.454494
8.00 1024.108497 1088.523131 2.600392 9.457055 289.058213
8.50 1197.646017 1270.774204 2.600392 9.473420 304.328090
9.00 1376.682069 1458.157406 2.600392 9.490254 319.092206
9.50 1554.853315 1643.984040 2.600392 9.506941 332.543741
10.00 1733.612978 1829.778637 2.600392 9.523629 344.734948
10.50 1909.388132 2011.843428 2.600392 9.539976 355.296073
11.00 2073.494350 2181.275270 2.600392 9.555182 363.861766
11.50 1980.137047 2084.950736 8.543200 9.546545 306.424112
12.00 1980.094198 2084.907557 10.549327 9.546550 291.327467
12.50 1980.049877 2084.861485 12.198322 9.546536 281.544113
13.00 1980.080389 2084.887787 13.714512 9.546536 273.097647
13.50 1980.347889 2085.164085 15.126967 9.546564 265.681153
14.00 1980.188418 2085.001504 16.459922 9.546545 259.001798
14.50 1980.157240 2084.970564 17.712020 9.546551 253.048838
15.00 1980.115553 2084.922295 18.903049 9.546546 247.653300
15.50 1980.283477 2085.094324 20.039292 9.546555 242.746003
16.00 1980.114803 2084.918322 21.134350 9.546539 238.201252
16.50 1980.169608 2084.974771 22.187740 9.546546 234.017508
17.00 1980.162439 2084.963472 23.206628 9.546547 230.113303
17.50 1980.182541 2084.977611 24.194384 9.546551 226.468400
18.00 1980.210053 2085.005631 25.150260 9.546553 223.070040
18.50 1980.283736 2085.085215 26.075320 9.546561 219.933764
19.00 1981.820671 2086.656919 26.984608 9.546703 217.083639
19.50 1981.221584 2086.041586 27.889960 9.546648 214.141054
20.00 1980.219074 2085.033293 28.750610 9.546554 211.444147
20.50 1980.723692 2085.582926 29.588969 9.546600 208.964695
21.00 1979.830250 2084.644301 30.421990 9.546517 206.525742
21.50 1981.696428 2086.570659 31.216796 9.546692 204.452768
22.00 1980.916751 2085.716609 31.999069 9.546620 202.331439
22.50 1980.974713 2085.769950 32.758890 9.546624 200.420553
23.00 1981.378051 2086.233501 33.500270 9.546661 198.646572
23.50 1982.033642 2086.915442 34.261096 9.546723 196.696043
24.00 1981.298457 2086.165695 34.976128 9.546652 194.930331
24.50 1979.949773 2084.795854 35.673724 9.546528 193.218635
25.00 1979.330064 2084.141776 36.355394 9.546472 191.625668
