Wind Speed Power Torque Blade Pitch Rotor Speed Rotor Thrust
3.00 55.321061 145.396003 2.599920 3.822735 114.514970
3.25 70.196440 170.445995 2.600087 4.138501 119.807671
3.50 87.573922 197.560116 2.600048 4.455209 125.530060
3.75 107.646451 226.711677 2.599975 4.772465 131.674408
4.00 130.594554 257.896186 2.600022 5.090035 138.247777
4.25 156.608369 291.103108 2.599994 5.407739 145.246295
4.50 185.867738 326.321607 2.600041 5.725520 152.665186
4.75 218.568362 363.555591 2.600027 6.043316 160.505826
5.00 254.895317 402.795769 2.599958 6.361097 168.771043
5.25 295.033698 444.044689 2.600046 6.678830 177.459517
5.50 339.173668 487.292601 2.599960 6.996515 186.568012
5.75 387.496250 532.540068 2.599922 7.314136 196.094957
6.00 440.189331 579.786402 2.599987 7.631685 206.038257
6.25 497.436561 629.020633 2.600034 7.949137 216.396482
6.50 559.422787 680.245823 2.599962 8.266486 227.170691
6.75 626.330627 733.455969 2.600058 8.583722 238.361746
7.00 698.342386 788.651131 2.599991 8.900835 249.969510
7.25 775.640500 845.826064 2.600019 9.217820 261.991591
7.50 858.408153 904.974233 2.599993 9.534667 274.420349
7.75 946.816402 966.088501 2.599934 9.851360 287.256047
8.00 1041.037576 1029.158402 2.600065 10.167865 300.499954
8.25 1141.257243 1094.196085 2.600026 10.484205 314.154148
8.50 1247.644845 1161.183974 2.599981 10.800351 328.211848
8.75 1360.372508 1230.116011 2.600063 11.116301 342.663332
9.00 1479.609879 1300.981653 2.600022 11.432029 357.513704
9.25 1605.517221 1373.776085 2.599995 11.747512 372.763800
9.50 1738.272229 1448.499628 2.599992 12.062765 388.411444
9.75 1878.034254 1525.136381 2.599981 12.377761 404.441669
10.00 2024.963373 1603.678503 2.599981 12.692484 420.858138
10.25 2179.211642 1684.117888 2.599981 13.006908 437.663667
10.50 2340.941826 1766.447241 2.599981 13.321030 454.854647
10.75 2510.318192 1850.657601 2.599981 13.634855 472.415498
11.00 2687.476910 1936.730018 2.599981 13.948339 490.348800
11.25 2872.580362 2024.669273 2.599981 14.261493 508.661365
11.50 3000.074531 2084.211243 3.586930 14.468999 497.276224
11.75 3000.075097 2084.210932 5.230997 14.469001 460.057174
12.00 3000.074989 2084.209759 6.367230 14.469001 438.586552
12.25 3000.074813 2084.208390 7.304421 14.469001 417.712787
12.50 3000.074727 2084.208259 8.141817 14.468999 401.339606
12.75 3000.074452 2084.206022 8.876362 14.469001 387.734593
13.00 3000.074185 2084.206742 9.534079 14.468998 376.827430
13.25 3000.074153 2084.206586 10.130545 14.468997 368.341116
13.50 3000.073827 2084.208243 10.650219 14.468998 362.519014
13.75 3000.073865 2084.208507 11.143717 14.468994 357.128448
14.00 3000.074706 2084.210326 11.616976 14.468996 352.126474
14.25 3000.073495 2084.210274 12.073341 14.468994 347.461141
14.50 3000.074552 2084.212114 12.518240 14.469000 343.053199
14.75 3000.075046 2084.212243 12.953274 14.468994 338.868599
15.00 3000.074167 2084.209978 13.379226 14.469003 334.881986
15.25 3000.075312 2084.211090 13.797330 14.469001 331.075987
15.50 3000.075155 2084.208326 14.208374 14.469004 327.431943
15.75 3000.073966 2084.206633 14.612806 14.468997 323.929027
16.00 3000.075642 2084.206275 15.010964 14.468999 320.575833
16.25 3000.073166 2084.207225 15.401998 14.468995 317.380620
16.50 3000.073060 2084.206894 15.784832 14.469001 314.333222
16.75 3000.074281 2084.206612 16.160663 14.469000 311.418914
17.00 3000.071649 2084.210005 16.530614 14.469008 308.612227
17.25 3000.074654 2084.210930 16.894932 14.469006 305.907405
17.50 3000.075869 2084.209042 17.253804 14.469004 303.303451
17.75 3000.074046 2084.208478 17.606168 14.468998 300.803287
18.00 3000.074800 2084.208647 17.953833 14.468992 298.389212
18.25 3000.074839 2084.209087 18.296993 14.468992 296.051414
18.50 3000.071859 2084.208836 18.636414 14.468993 293.787857
18.75 3000.072717 2084.208103 18.972217 14.468994 291.589890
19.00 3000.039467 2084.184443 19.304355 14.469004 289.460554
19.25 3000.011579 2084.168023 19.632845 14.468995 287.396906
19.50 3000.021130 2084.175115 19.957136 14.468986 285.404424
19.75 3000.036056 2084.188085 20.276953 14.468997 283.480781
20.00 3000.058650 2084.208471 20.592568 14.468992 281.643343
20.25 3000.074783 2084.211013 20.902927 14.469002 279.958154
20.50 3000.052107 2084.185178 21.209515 14.469004 278.376921
20.75 3000.074785 2084.208576 21.512695 14.469001 276.912657
21.00 2999.281329 2083.536157 21.845972 14.468997 275.109122
21.25 2999.421760 2083.778219 22.164459 14.469000 273.446423
21.50 2999.506687 2083.970050 22.474662 14.469090 271.845525
21.75 2999.209736 2083.767540 22.778246 14.468989 270.318344
22.00 2999.243628 2083.530093 23.075224 14.468848 268.942467
22.25 2999.178818 2083.582379 23.371583 14.468934 267.620387
22.50 2999.270736 2083.506339 23.663919 14.468938 266.314665
22.75 2999.487310 2083.707347 23.972411 14.469013 264.912677
23.00 2999.429390 2083.649530 24.273043 14.469102 263.498918
23.25 2999.170464 2083.465005 24.563571 14.469045 262.230975
23.50 2999.161148 2083.587078 24.860944 14.469042 260.740694
23.75 2999.164306 2083.447342 25.151603 14.469046 259.359122
24.00 2999.683590 2083.946429 25.448858 14.469001 257.931436
24.25 2999.553458 2083.876084 25.719607 14.469006 256.740649
24.50 2999.590781 2083.916229 25.989768 14.469018 255.581760
24.75 2999.677043 2083.972463 26.257718 14.469031 254.489249
25.00 2999.662866 2083.941870 26.524001 14.468883 253.427081
