Wind Speed Power Torque Blade Pitch Rotor Speed Rotor Thrust
3.00 200.534332 499.251711 3.437747 4.005912 491.045877
3.25 246.901333 560.175906 3.437747 4.395399 529.297464
3.50 296.289517 615.881213 3.437747 4.797911 570.974729
3.75 397.319183 793.637761 3.437747 4.992476 610.592689
4.00 580.090241 1181.651293 3.437747 4.895596 644.481189
4.25 767.324506 1568.998097 3.437747 4.877060 681.632126
4.50 968.196008 1974.102988 3.269339 4.891063 729.598598
4.75 1190.970296 2420.652785 3.061380 4.906498 781.355718
5.00 1438.578133 2916.991277 2.790236 4.918187 838.191294
5.25 1712.298713 3468.130795 2.466949 4.923648 899.224011
5.50 2012.033569 4074.140772 2.187057 4.924976 958.550115
5.75 2337.882580 4732.009302 1.837833 4.926970 1023.307761
6.00 2689.743463 5441.281742 1.497824 4.929634 1088.490427
6.25 3066.966155 6199.973202 1.152096 4.933154 1154.716806
6.50 3469.068450 7006.480200 0.781730 4.937625 1222.870140
6.75 3897.082138 7862.281075 0.414431 4.943058 1291.285346
7.00 4343.450148 8754.644414 0.414431 4.947673 1335.368774
7.25 4802.197751 9670.051410 0.414431 4.952406 1378.533727
7.50 5273.179807 10608.072232 0.414431 4.957257 1420.832553
7.75 5756.617022 11569.003492 0.414431 4.962227 1462.305808
8.00 6252.610165 12552.922541 0.414431 4.967315 1503.032589
8.25 6760.259427 13557.916507 0.414431 4.972511 1542.898663
8.50 7279.289116 14583.266858 0.414431 4.977815 1581.978676
8.75 7808.298030 15626.172385 0.414431 4.983207 1620.090240
9.00 8346.829609 16685.529279 0.414431 4.988685 1657.272699
9.25 8893.001807 17757.625428 0.414431 4.994230 1693.314548
9.50 9445.424881 18839.596078 0.414431 4.999825 1728.105592
9.75 10002.004282 19927.311960 0.414431 5.005449 1761.607370
10.00 9924.741693 19776.467545 2.388289 5.004671 1649.860100
10.25 9929.194773 19785.155724 3.688573 5.004715 1581.376519
10.50 9929.480686 19785.712034 4.796274 5.004718 1524.612344
10.75 9929.456730 19785.678756 5.774223 5.004718 1476.141871
11.00 9929.610396 19785.956277 6.659424 5.004719 1433.741421
11.25 9929.613368 19785.958750 7.476798 5.004720 1395.893464
11.50 9929.618356 19785.978419 8.240914 5.004719 1361.701890
11.75 9929.624525 19786.000625 8.961655 5.004719 1330.504323
12.00 9929.626930 19785.998585 9.646541 5.004717 1301.825140
12.25 9929.615985 19785.977778 10.301076 5.004717 1275.292253
12.50 9929.631807 19786.002840 10.929774 5.004719 1250.606873
12.75 9929.626668 19785.992963 11.535549 5.004720 1227.587257
13.00 9929.633268 19785.986007 12.121400 5.004720 1206.038754
13.25 9929.633865 19786.002844 12.689408 5.004720 1185.765872
13.50 9929.629519 19785.973589 13.241377 5.004718 1166.691076
13.75 9929.714977 19786.152136 13.778486 5.004719 1148.765267
14.00 9929.643924 19786.010220 14.302567 5.004720 1131.811238
14.25 9929.646903 19786.015085 14.814443 5.004720 1115.735841
14.50 9929.648007 19786.012868 15.315117 5.004718 1100.471419
14.75 9929.629083 19785.979728 15.805347 5.004720 1085.975431
15.00 9924.766926 19776.486920 16.289829 5.004669 1071.772611
15.25 9925.213844 19777.357234 16.761058 5.004675 1058.620088
15.50 9925.252013 19777.416198 17.224214 5.004675 1046.010883
15.75 9925.305395 19777.517482 17.679388 5.004676 1033.943037
16.00 9925.014701 19776.952018 18.127307 5.004673 1022.351071
16.25 9925.509430 19777.916791 18.567705 5.004678 1011.285048
16.50 9926.341863 19779.529994 19.001603 5.004686 1000.692424
16.75 9925.005090 19776.929125 19.430311 5.004673 990.342786
17.00 9924.916994 19776.744399 19.852422 5.004671 980.525176
17.25 9925.627349 19778.128812 20.268284 5.004679 971.131386
17.50 9927.207717 19781.207309 20.678129 5.004695 962.140870
17.75 9929.655984 19785.981507 21.082012 5.004719 953.533867
18.00 9925.284324 19777.440764 21.485211 5.004675 944.842370
18.25 9925.111625 19777.103142 21.880848 5.004673 936.753720
18.50 9925.371507 19777.597731 22.271597 5.004676 928.974974
18.75 9926.020576 19778.871972 22.657685 5.004682 921.485242
19.00 9925.907860 19778.634294 23.039807 5.004681 914.190975
19.25 9929.656976 19785.962095 23.415706 5.004719 907.382773
19.50 9929.684156 19786.008065 23.789758 5.004719 900.615470
19.75 9927.143110 19781.031575 24.161101 5.004694 893.890164
20.00 9925.839142 19778.493503 24.527936 5.004680 887.440903
20.25 9927.820730 19782.349190 24.889469 5.004701 881.390238
20.50 9927.691698 19782.090559 25.248295 5.004700 875.498115
20.75 9929.629308 19785.867834 25.602019 5.004718 869.996183
21.00 9925.053413 19776.921625 25.955510 5.004673 864.329304
21.25 9926.112370 19778.992546 26.302943 5.004683 859.151956
21.50 9924.634696 19776.097460 26.648463 5.004668 853.983102
21.75 9928.162236 19782.981790 26.988365 5.004704 849.216902
22.00 9926.555591 19779.842794 27.327695 5.004687 844.324617
22.25 9926.592953 19779.911970 27.663095 5.004688 839.625208
22.50 9925.853086 19778.455186 27.995969 5.004680 835.012782
22.75 9926.815868 19780.337351 28.325235 5.004690 830.623648
23.00 9926.366082 19779.454116 28.652321 5.004686 826.282020
23.25 9926.844053 19780.380789 28.976273 5.004690 822.082566
23.50 9926.003740 19778.726963 29.298045 5.004682 817.917357
23.75 9927.190120 19781.041039 29.616300 5.004693 813.899180
24.00 9926.675758 19780.048046 29.932653 5.004688 809.904270
24.25 9927.207327 19781.064132 30.245971 5.004694 806.053370
24.50 9927.350153 19781.333228 30.556808 5.004696 802.268897
24.75 9924.859914 19776.464889 30.866406 5.004670 798.476070
25.00 9929.238333 19785.013204 31.170772 5.004714 795.083678
