Wind Speed Power Torque Blade Pitch Rotor Speed Rotor Thrust
3.00 0.000000 0.000000 3.437747 4.083874 491.956707
3.25 0.000000 0.000000 3.437747 4.480650 530.110337
3.50 0.000000 0.000000 3.437747 4.890654 570.128255
3.75 505.624744 990.923614 3.437747 5.088049 604.287961
4.00 639.574156 1278.961740 3.437747 4.987305 639.958684
4.25 717.063662 1439.888701 3.437747 4.966358 681.351447
4.50 888.729206 1780.462082 3.269339 4.978514 722.656543
4.75 1115.254577 2227.917535 3.061380 4.991855 781.508951
5.00 1373.781515 2739.683387 2.790236 5.001186 836.090298
5.25 1658.824035 3306.097982 2.466949 5.003822 889.987894
5.50 1963.296078 3914.178469 2.187057 5.001941 951.811581
5.75 2285.532578 4557.826780 1.837833 5.000521 1018.935148
6.00 2633.525193 5252.998717 1.497824 4.999485 1086.071964
6.25 3006.814835 5998.189721 1.152096 4.999095 1154.034889
6.50 3405.167496 6792.281721 0.781730 4.999430 1223.013967
6.75 3830.200604 7638.571982 0.414431 5.000485 1290.431974
7.00 4283.531698 8540.866128 0.121864 5.001462 1348.028688
7.25 4761.111165 9222.619335 0.000000 5.148198 1434.335130
7.50 5270.654479 9874.173227 0.000000 5.323142 1515.204741
7.75 5815.741259 10548.880787 0.000000 5.497944 1597.517764
8.00 6397.351941 11245.931733 0.000000 5.672947 1680.996276
8.25 7016.713812 11964.766794 0.000000 5.848390 1765.012999
8.50 7674.991200 12704.921729 0.000000 6.024403 1850.198138
8.75 8373.774191 13466.294187 0.000000 6.201239 1935.040526
9.00 9114.442611 14249.184392 0.000000 6.378929 2026.145711
9.25 9897.158406 15054.057084 0.000000 6.556330 2133.745431
9.50 10721.832005 15881.435399 0.000000 6.732632 2245.687919
9.75 11590.261623 16731.536487 0.000000 6.908164 2355.372120
10.00 12503.898142 17604.354578 0.000000 7.083230 2465.751474
10.25 13464.093862 18499.850949 0.000000 7.257949 2578.713433
10.50 14472.122063 19418.155295 0.000000 7.432410 2692.838845
10.75 14996.686174 19786.769959 1.941095 7.558331 2480.427146
11.00 14999.138643 19786.769959 3.283758 7.559565 2305.047824
11.25 15000.981509 19786.769959 4.213048 7.560494 2191.500901
11.50 15002.587923 19786.769959 4.977055 7.561304 2102.906134
11.75 15004.069259 19786.769959 5.644734 7.562050 2028.327365
12.00 15005.292651 19786.769959 6.247903 7.562667 1962.439678
12.25 15006.104658 19786.769959 6.804154 7.563077 1903.421630
12.50 15006.421144 19786.769959 7.324307 7.563235 1848.744565
12.75 15006.071676 19786.769959 7.815422 7.563060 1796.106836
13.00 15004.852533 19786.769959 8.282645 7.562445 1745.490223
13.25 15002.880787 19786.769959 8.729580 7.561452 1699.786575
13.50 15000.687670 19786.769959 9.159041 7.560347 1661.786275
13.75 14998.766080 19786.769959 9.573709 7.559378 1629.774991
14.00 14997.304414 19786.769959 9.974755 7.558641 1601.309890
14.25 14996.292030 19786.769959 10.364363 7.558131 1574.441336
14.50 14995.568034 19786.769959 10.743453 7.557766 1548.441911
14.75 14995.260860 19786.769959 11.113271 7.557612 1522.759985
15.00 14995.418883 19786.769959 11.474199 7.557641 1497.289836
15.25 14995.997977 19786.769959 11.827904 7.557983 1471.363962
15.50 14997.394355 19786.769959 12.174213 7.558686 1445.131094
15.75 14999.951777 19786.769959 12.513880 7.559974 1420.411648
16.00 15003.654552 19786.769959 12.847287 7.561842 1402.511076
16.25 15007.555930 19786.769959 13.174671 7.563807 1395.804442
16.50 15009.615040 19786.769959 13.497043 7.564846 1391.908015
16.75 15009.230665 19786.769959 13.814705 7.564652 1384.474598
17.00 15005.668593 19786.769959 14.128154 7.562857 1376.243244
17.25 14999.162430 19786.769959 14.437962 7.559578 1363.714881
17.50 14991.559666 19786.769959 14.743756 7.555745 1342.756771
17.75 14990.206254 19786.769959 15.045249 7.555064 1303.238988
18.00 15008.326913 19786.769994 15.341507 7.564217 1280.635655
18.25 15010.608454 19786.770034 15.635030 7.565358 1294.065156
18.50 15004.962732 19786.769763 15.925801 7.562518 1292.174433
18.75 14996.888457 19786.769886 16.213670 7.558400 1282.421252
19.00 14989.244295 19786.768499 16.499016 7.554582 1262.422626
19.25 14987.426325 19786.770036 16.780757 7.553742 1230.963056
19.50 14999.170945 19786.770022 17.058988 7.559567 1187.938071
19.75 15011.606573 19786.769013 17.334521 7.565959 1206.230415
20.00 15011.088523 19786.770917 17.608133 7.565722 1215.388170
20.25 15003.810761 19786.767745 17.879459 7.561987 1214.262482
20.50 14993.447356 19786.769301 18.148481 7.556659 1208.155622
20.75 14984.995883 19786.769981 18.415921 7.552294 1184.962961
21.00 14987.380989 19786.769346 18.680130 7.553526 1143.491094
21.25 15006.250193 19786.769413 18.942844 7.563165 1126.927105
21.50 15013.389687 19786.770551 19.202773 7.566694 1149.793013
21.75 15009.567928 19786.769837 19.460912 7.564748 1156.059130
22.00 15001.074110 19786.770070 19.716539 7.560643 1154.075850
22.25 14992.397720 19786.771309 19.968960 7.556111 1143.923905
22.50 14991.343132 19786.768036 20.218623 7.555816 1111.892138
22.75 15011.694936 19786.769565 20.465371 7.565906 1064.162909
23.00 15034.021409 19786.770759 20.708817 7.577080 1091.437305
23.25 15038.440706 19786.770036 20.950063 7.579458 1105.687742
23.50 15032.608000 19786.769567 21.189816 7.576533 1107.975961
23.75 15019.368208 19786.770482 21.429801 7.569683 1106.455181
24.00 14999.935148 19786.770024 21.673262 7.559941 1090.529506
24.25 14984.264452 19786.770764 21.923876 7.552128 1045.380869
24.50 14977.139485 19786.769746 22.186031 7.548531 1036.297078
24.75 14941.781536 19786.768117 22.461743 7.530704 1065.388545
25.00 14882.553299 19786.769976 22.749587 7.500722 1075.762869
